g =

   0.50000
   0.50000
   0.50000
   0.50000
   0.50000
   0.50000
   0.50000
   0.50000
   0.50000
   0.50000
   0.50000
   0.50000
   0.50000
   0.50000
   0.50000
   0.50000
   0.50000
   0.50000
   0.50000
   0.50000
   0.50000
   0.50000
   0.50000
   0.50000
   0.50000
   0.50000
   0.50000
   0.50000
   0.50000
   0.50000
   0.50000
   0.50000
   0.50000
   0.50000
   0.50000
   0.50000
   0.50000
   0.50000
   0.50000
   0.50000
   0.50000
   0.50000
   0.50000
   0.50000
   0.50000
   0.50000
   0.50000
   0.50000
   0.50000
   0.50000
   0.50000
   0.50000
   0.50000
   0.50000
   0.50000
   0.50000
   0.50000
   0.50000
   0.50000
   0.50000
   0.50000
   0.50000
   0.50000
   0.50000
   0.50000
   0.50000
   0.50000
   0.50000
   0.50000
   0.50000
   0.50000
   0.50000
   0.50000
   0.50000
   0.50000
   0.50000
   0.50000
   0.50000
   0.50000
   0.50000
   0.50000
   0.50000
   0.50000
   0.50000
   0.50000
   0.50000
   0.50000
   0.50000
   0.50000
   0.50000
   0.50000
   0.50000
   0.50000
   0.50000
   0.50000
   0.50000
   0.50000
   0.50000
   0.50000
   0.50000
   0.50000
   0.50000
   0.50000
   0.50000
   0.50000
   0.50000
   0.50000
   0.50000
   0.50000
   0.50000
   0.50000
   0.50000
   0.50000
   0.50000
   0.50000
   0.50000
   0.50000
   0.50000

g =

   0.50000
   0.50000
   0.50000
   0.50000
   0.50000
   0.50000
   0.50000
   0.50000
   0.50000
   0.50000
   0.50000
   0.50000
   0.50000
   0.50000
   0.50000
   0.50000
   0.50000
   0.50000
   0.50000
   0.50000
   0.50000
   0.50000
   0.50000
   0.50000
   0.50000
   0.50000
   0.50000
   0.50000
   0.50000
   0.50000
   0.50000
   0.50000
   0.50000
   0.50000
   0.50000
   0.50000
   0.50000
   0.50000
   0.50000
   0.50000
   0.50000
   0.50000
   0.50000
   0.50000
   0.50000
   0.50000
   0.50000
   0.50000
   0.50000
   0.50000
   0.50000
   0.50000
   0.50000
   0.50000
   0.50000
   0.50000
   0.50000
   0.50000
   0.50000
   0.50000
   0.50000
   0.50000
   0.50000
   0.50000
   0.50000
   0.50000
   0.50000
   0.50000
   0.50000
   0.50000
   0.50000
   0.50000
   0.50000
   0.50000
   0.50000
   0.50000
   0.50000
   0.50000
   0.50000
   0.50000
   0.50000
   0.50000
   0.50000
   0.50000
   0.50000
   0.50000
   0.50000
   0.50000
   0.50000
   0.50000
   0.50000
   0.50000
   0.50000
   0.50000
   0.50000
   0.50000
   0.50000
   0.50000
   0.50000
   0.50000
   0.50000
   0.50000
   0.50000
   0.50000
   0.50000
   0.50000
   0.50000
   0.50000
   0.50000
   0.50000
   0.50000
   0.50000
   0.50000
   0.50000
   0.50000
   0.50000
   0.50000
   0.50000

g =

   0.48600
   0.48786
   0.48790
   0.49431
   0.49410
   0.49656
   0.49784
   0.49775
   0.49645
   0.49489
   0.49126
   0.48829
   0.48590
   0.48080
   0.48379
   0.48721
   0.49118
   0.47875
   0.48743
   0.48974
   0.48960
   0.49439
   0.49600
   0.49684
   0.49685
   0.49333
   0.48986
   0.48249
   0.49331
   0.48253
   0.46303
   0.48064
   0.48987
   0.49514
   0.49705
   0.49822
   0.49782
   0.49781
   0.49733
   0.49485
   0.49497
   0.49139
   0.48578
   0.49196
   0.48557
   0.48672
   0.47574
   0.49080
   0.48020
   0.48219
   0.49041
   0.49566
   0.49293
   0.49688
   0.49811
   0.49725
   0.49832
   0.49759
   0.46286
   0.47831
   0.48625
   0.47227
   0.46939
   0.47744
   0.47106
   0.45873
   0.47155
   0.45847
   0.46204
   0.47075
   0.46734
   0.47151
   0.47238
   0.47475
   0.48272
   0.48780
   0.49086
   0.49169
   0.48931
   0.49155
   0.49406
   0.49649
   0.49603
   0.49709
   0.49225
   0.49422
   0.49205
   0.48416
   0.48683
   0.46883
   0.46971
   0.48562
   0.48018
   0.46682
   0.45777
   0.43375
   0.43217
   0.47039
   0.45222
   0.45846
   0.47154
   0.44043
   0.49505
   0.49431
   0.49707
   0.49613
   0.49708
   0.49816
   0.49563
   0.49425
   0.49401
   0.49339
   0.48950
   0.48908
   0.49256
   0.45642
   0.45562
   0.48621

g =

   0.48600
   0.48786
   0.48790
   0.49431
   0.49410
   0.49656
   0.49784
   0.49775
   0.49645
   0.49489
   0.49126
   0.48829
   0.48590
   0.48080
   0.48379
   0.48721
   0.49118
   0.47875
   0.48743
   0.48974
   0.48960
   0.49439
   0.49600
   0.49684
   0.49685
   0.49333
   0.48986
   0.48249
   0.49331
   0.48253
   0.46303
   0.48064
   0.48987
   0.49514
   0.49705
   0.49822
   0.49782
   0.49781
   0.49733
   0.49485
   0.49497
   0.49139
   0.48578
   0.49196
   0.48557
   0.48672
   0.47574
   0.49080
   0.48020
   0.48219
   0.49041
   0.49566
   0.49293
   0.49688
   0.49811
   0.49725
   0.49832
   0.49759
   0.46286
   0.47831
   0.48625
   0.47227
   0.46939
   0.47744
   0.47106
   0.45873
   0.47155
   0.45847
   0.46204
   0.47075
   0.46734
   0.47151
   0.47238
   0.47475
   0.48272
   0.48780
   0.49086
   0.49169
   0.48931
   0.49155
   0.49406
   0.49649
   0.49603
   0.49709
   0.49225
   0.49422
   0.49205
   0.48416
   0.48683
   0.46883
   0.46971
   0.48562
   0.48018
   0.46682
   0.45777
   0.43375
   0.43217
   0.47039
   0.45222
   0.45846
   0.47154
   0.44043
   0.49505
   0.49431
   0.49707
   0.49613
   0.49708
   0.49816
   0.49563
   0.49425
   0.49401
   0.49339
   0.48950
   0.48908
   0.49256
   0.45642
   0.45562
   0.48621

g =

   0.47402
   0.47834
   0.47828
   0.49253
   0.49127
   0.49626
   0.49946
   0.49902
   0.49599
   0.49198
   0.48289
   0.47555
   0.47009
   0.45743
   0.46730
   0.47639
   0.48594
   0.45698
   0.47725
   0.48158
   0.48036
   0.49076
   0.49389
   0.49615
   0.49680
   0.48790
   0.47946
   0.46096
   0.49090
   0.46550
   0.41960
   0.46132
   0.48294
   0.49474
   0.49852
   0.50072
   0.49934
   0.49973
   0.49876
   0.49217
   0.49286
   0.48402
   0.47000
   0.48590
   0.47028
   0.47357
   0.44700
   0.48493
   0.45962
   0.46470
   0.48421
   0.49622
   0.49008
   0.49871
   0.50111
   0.49840
   0.50108
   0.49887
   0.41947
   0.45580
   0.47424
   0.44076
   0.43341
   0.45223
   0.43575
   0.40471
   0.43577
   0.40294
   0.41144
   0.43263
   0.42392
   0.43389
   0.43577
   0.44158
   0.46103
   0.47415
   0.48220
   0.48392
   0.47735
   0.48286
   0.48973
   0.49573
   0.49386
   0.49693
   0.48282
   0.48885
   0.48383
   0.46692
   0.47521
   0.43292
   0.43445
   0.47161
   0.46033
   0.42883
   0.40754
   0.35242
   0.34880
   0.43677
   0.39337
   0.40609
   0.43793
   0.35987
   0.49196
   0.48953
   0.49734
   0.49402
   0.49688
   0.50040
   0.49267
   0.48854
   0.48787
   0.48622
   0.47687
   0.47793
   0.48717
   0.40343
   0.40257
   0.47135

g =

   0.47402
   0.47834
   0.47828
   0.49253
   0.49127
   0.49626
   0.49946
   0.49902
   0.49599
   0.49198
   0.48289
   0.47555
   0.47009
   0.45743
   0.46730
   0.47639
   0.48594
   0.45698
   0.47725
   0.48158
   0.48036
   0.49076
   0.49389
   0.49615
   0.49680
   0.48790
   0.47946
   0.46096
   0.49090
   0.46550
   0.41960
   0.46132
   0.48294
   0.49474
   0.49852
   0.50072
   0.49934
   0.49973
   0.49876
   0.49217
   0.49286
   0.48402
   0.47000
   0.48590
   0.47028
   0.47357
   0.44700
   0.48493
   0.45962
   0.46470
   0.48421
   0.49622
   0.49008
   0.49871
   0.50111
   0.49840
   0.50108
   0.49887
   0.41947
   0.45580
   0.47424
   0.44076
   0.43341
   0.45223
   0.43575
   0.40471
   0.43577
   0.40294
   0.41144
   0.43263
   0.42392
   0.43389
   0.43577
   0.44158
   0.46103
   0.47415
   0.48220
   0.48392
   0.47735
   0.48286
   0.48973
   0.49573
   0.49386
   0.49693
   0.48282
   0.48885
   0.48383
   0.46692
   0.47521
   0.43292
   0.43445
   0.47161
   0.46033
   0.42883
   0.40754
   0.35242
   0.34880
   0.43677
   0.39337
   0.40609
   0.43793
   0.35987
   0.49196
   0.48953
   0.49734
   0.49402
   0.49688
   0.50040
   0.49267
   0.48854
   0.48787
   0.48622
   0.47687
   0.47793
   0.48717
   0.40343
   0.40257
   0.47135

